header: 
  seq: 154116
  stamp: 
    secs: 1646927181
    nsecs: 139219284
  frame_id: "camera_color_optical_frame"
height: 720
width: 1280
distortion_model: "plumb_bob"
D: [0.1331167221069336, -0.46724337339401245, 0.00028096543974243104, -0.0010956559563055634, 0.4169684946537018]
K: [904.317626953125, 0.0, 644.0140380859375, 0.0, 904.8245239257812, 360.77752685546875, 0.0, 0.0, 1.0]
R: [1.0, 0.0, 0.0, 0.0, 1.0, 0.0, 0.0, 0.0, 1.0]
P: [904.317626953125, 0.0, 644.0140380859375, 0.0, 0.0, 904.8245239257812, 360.77752685546875, 0.0, 0.0, 0.0, 1.0, 0.0]
binning_x: 0
binning_y: 0
roi: 
  x_offset: 0
  y_offset: 0
  height: 0
  width: 0
  do_rectify: False

